# TEMPLATE_NUM FILE                  REDSHIFT     NUM_POINTS LOG_LAMBDA                                                                                                                                                     LAMBDA                                                                                                                                                         SPEC                                                                                                                                                          
  0      spDR2-000.fit         -6.7045E-4   3833   "(3.5815, 3.5816000000000003, 3.5817, 3.5818000000000003, 3.5819, 3.5820000000000003, 3.5821, 3.5822000000000003, 3.5823, 3.5824000000000003, 3.5825, 3.5826..." "(3815.047942794385, 3815.9264911893406, 3816.8052419008277, 3817.684194975445, 3818.563350459785, 3819.4427084004683, 3820.322268844109, 3821.202031837349,..." "(0.0, 0.0, -0.0, -0.030776259992685708, -0.11895358592785292, -0.25735357319376034, -0.4377257492200954, 0.7232340765035721, 0.0714893661578599, 1.17395167..."
  1      spDR2-001.fit         -2.435E-4    3823   "(3.5817, 3.5818000000000003, 3.5819, 3.5820000000000003, 3.5821, 3.5822000000000003, 3.5823, 3.5824000000000003, 3.5825, 3.5826000000000002, 3.5827, 3.5828..." "(3816.8052419008277, 3817.684194975445, 3818.563350459785, 3819.4427084004683, 3820.322268844109, 3821.202031837349, 3822.0819974268243, 3822.9621656591976..." "(0.0, -0.0, -0.04024010249300542, -0.24931869000300644, -0.5847417819177664, -0.5287155030856406, -0.6171768208772055, -0.6458337413084922, -0.409092868536..."
  2      spDR2-002.fit         3.669E-6     3819   "(3.5828, 3.5829000000000004, 3.583, 3.5831000000000004, 3.5832, 3.5833000000000004, 3.5834, 3.5835000000000004, 3.5836, 3.5837000000000003, 3.5838, 3.58390..." "(3826.484865951097, 3827.3660480981403, 3828.2474331682283, 3829.1290212080994, 3830.010812264487, 3830.8928063841504, 3831.7750036138436, 3832.657404000349, " "(0.0, 0.0, 8.073161702774736E-4, 0.005296122063375057, 0.016528797075244128, 0.03737425224337898, 0.07042145496702092, 0.1180043309518952, 0.18176120035560..."
  3      spDR2-003.fit         -4.336E-6    3815   "(3.583, 3.5831000000000004, 3.5832, 3.5833000000000004, 3.5834, 3.5835000000000004, 3.5836, 3.5837000000000003, 3.5838, 3.5839000000000003, 3.584, 3.584100..." "(3828.2474331682283, 3829.1290212080994, 3830.010812264487, 3830.8928063841504, 3831.7750036138436, 3832.657404000349, 3833.540007590441, 3834.422814430923..." "(0.0, -0.0, -0.010569652777915372, -0.08251200757409363, -0.2993729771573978, -0.7016822812073249, -1.394215910786234, -2.4189308827096268, -3.814294043483..."
  4      spDR2-004.fit         4.002E-4     3819   "(3.5823, 3.5824000000000003, 3.5825, 3.5826000000000002, 3.5827, 3.5828, 3.5829, 3.583, 3.5831, 3.5832, 3.5833, 3.5834, 3.5835, 3.5836, 3.5837, 3.5838, 3.5..." "(3822.0819974268243, 3822.9621656591976, 3823.8425365811263, 3824.7231102392952, 3825.6038866803838, 3826.484865951097, 3827.366048098136, 3828.24743316822..." "(0.0, 0.0, 0.0, 0.006249529404331344, 0.02293002374489577, 0.046608277816759885, 0.07351562920725886, 0.0996918866091324, 0.12113887940499643, 0.1339489227..."
  5      spDR2-005.fit         1.4343E-4    3823   "(3.5824, 3.5825, 3.5826, 3.5827, 3.5827999999999998, 3.5829, 3.5829999999999997, 3.5831, 3.5831999999999997, 3.5833, 3.5833999999999997, 3.5835, 3.58359999..." "(3822.9621656591935, 3823.8425365811263, 3824.7231102392916, 3825.6038866803838, 3826.484865951093, 3827.366048098136, 3828.2474331682242, 3829.12902120809..." "(0.0, 0.0, 0.03179321659474784, 0.09739083995599283, 0.1095597153446273, 0.14328822728398452, 0.17264739268936433, -0.032635658662413275, -0.49414856331442..."
  6      spDR2-006.fit         -4.07E-4     3832   "(3.5811, 3.5812000000000004, 3.5813, 3.5814000000000004, 3.5815, 3.5816000000000003, 3.5817, 3.5818000000000003, 3.5819, 3.5820000000000003, 3.5821, 3.5822..." "(3811.5357714484903, 3812.4135110429943, 3813.2914527677754, 3814.1695966693887, 3815.047942794385, 3815.9264911893406, 3816.8052419008277, 3817.6841949754..." "(0.0, 0.0, 0.0, 0.0, 0.0, 0.009721971959121618, 0.03833091615034071, 0.08465541427323994, 0.14712604663400092, 0.22377825615595887, -0.30055249730186706, 0..."
  7      spDR2-007.fit         1.3666665E-4 3822   "(3.5817, 3.5818000000000003, 3.5819, 3.5820000000000003, 3.5821, 3.5822000000000003, 3.5823, 3.5824000000000003, 3.5825, 3.5826000000000002, 3.5827, 3.5828..." "(3816.8052419008277, 3817.684194975445, 3818.563350459785, 3819.4427084004683, 3820.322268844109, 3821.202031837349, 3822.0819974268243, 3822.9621656591976..." "(0.0, 0.0, 0.037756307210404925, 0.1892307929855906, 0.320569760921696, 0.15945227693476563, 0.11371888293397381, 0.9634806408928748, 1.686920954324532, 1...."
  8      spDR2-008.fit         8.606E-4     3822   "(3.5824, 3.5825, 3.5826, 3.5827, 3.5827999999999998, 3.5829, 3.5829999999999997, 3.5831, 3.5831999999999997, 3.5833, 3.5833999999999997, 3.5835, 3.58359999..." "(3822.9621656591935, 3823.8425365811263, 3824.7231102392916, 3825.6038866803838, 3826.484865951093, 3827.366048098136, 3828.2474331682242, 3829.12902120809..." "(0.0, 0.0, 0.02166069741528694, 0.08572319483602502, 0.20533308757505553, 0.29523396178756606, 0.20707188215272157, -0.4908810928320477, 0.05855386389551404, "
  9      spDR2-009.fit         -7.005E-5    3814   "(3.5828, 3.5829000000000004, 3.583, 3.5831000000000004, 3.5832, 3.5833000000000004, 3.5834, 3.5835000000000004, 3.5836, 3.5837000000000003, 3.5838, 3.58390..." "(3826.484865951097, 3827.3660480981403, 3828.2474331682283, 3829.1290212080994, 3830.010812264487, 3830.8928063841504, 3831.7750036138436, 3832.657404000349, " "(0.0, -0.0, -0.007366857637935756, -0.02853228134177474, -0.0288071482342065, -0.022378718379295684, -0.013123266403285878, -0.18566888125400272, -0.536890..."
  10     spDR2-010.fit         -2.0347E-4   3831   "(3.5805, 3.5806, 3.5806999999999998, 3.5808, 3.5808999999999997, 3.581, 3.5810999999999997, 3.5812, 3.5812999999999997, 3.5814, 3.5814999999999997, 3.5816,..." "(3806.273576012056, 3807.150103801774, 3808.026833442709, 3808.9037649813513, 3809.780898464188, 3810.65823393773, 3811.5357714484862, 3812.4135110429906, ..." "(0.0, 0.0, 0.0, 0.0, 0.0, 0.0, 0.0, 0.0, 0.0, 0.0, 0.0, 5.518603317739238E-4, -0.0019916643655196915, 0.05490480553275367, 0.08132660165530489, -0.07509142..."
  11     spDR2-011.fit         9.3064E-5    3825   "(3.5812, 3.5813, 3.5814, 3.5815, 3.5816, 3.5817, 3.5818, 3.5819, 3.582, 3.5821, 3.5822, 3.5823, 3.5824, 3.5825, 3.5826, 3.5827, 3.5827999999999998, 3.5829,..." "(3812.4135110429906, 3813.2914527677754, 3814.169596669385, 3815.047942794385, 3815.926491189337, 3816.8052419008277, 3817.684194975441, 3818.563350459785,..." "(0.0, 0.0, 0.0, 0.0, -5.5956069774387654E-5, -4.697417042333123E-4, -0.0016023724754696154, -0.003793042408884738, -0.007353161036452804, -0.01255120701246..."
  12     spDR2-012.fit         -1.0E-6      3823   "(3.582, 3.5821, 3.5822, 3.5823, 3.5824, 3.5825, 3.5826, 3.5827, 3.5827999999999998, 3.5829, 3.5829999999999997, 3.5831, 3.5831999999999997, 3.5833, 3.58339..." "(3819.442708400464, 3820.322268844109, 3821.202031837345, 3822.0819974268243, 3822.9621656591935, 3823.8425365811263, 3824.7231102392916, 3825.6038866803838, " "(0.0, -0.0, -0.005697775142277432, -0.013866738331396915, 0.05478077058178648, -0.02770255190477735, 0.025246601087945898, -0.021530288920594342, 0.0609846..."
  13     spDR2-013.fit         -9.34E-5     3824   "(3.5811, 3.5812000000000004, 3.5813, 3.5814000000000004, 3.5815, 3.5816000000000003, 3.5817, 3.5818000000000003, 3.5819, 3.5820000000000003, 3.5821, 3.5822..." "(3811.5357714484903, 3812.4135110429943, 3813.2914527677754, 3814.1695966693887, 3815.047942794385, 3815.9264911893406, 3816.8052419008277, 3817.6841949754..." "(0.0, 0.0, 0.0, 0.0, -0.0, -0.0017091259464535704, -0.007100020033056232, -0.01652415223178549, -0.030263007876213104, -0.04851429990309901, -0.07137997710..."
  14     spDR2-014.fit         -6.3377E-5   3823   "(3.5824, 3.5825, 3.5826, 3.5827, 3.5827999999999998, 3.5829, 3.5829999999999997, 3.5831, 3.5831999999999997, 3.5833, 3.5833999999999997, 3.5835, 3.58359999..." "(3822.9621656591935, 3823.8425365811263, 3824.7231102392916, 3825.6038866803838, 3826.484865951093, 3827.366048098136, 3828.2474331682242, 3829.12902120809..." "(0.0, 0.0, 8.39935393525943E-4, 0.003364597301707452, 0.007561101432849706, 0.013389165737120911, 0.020780230966208235, 0.029638767869301502, 0.03984011949..."
  15     spDR2-015.fit         4.83E-5      3835   "(3.5811, 3.5812000000000004, 3.5813, 3.5814000000000004, 3.5815, 3.5816000000000003, 3.5817, 3.5818000000000003, 3.5819, 3.5820000000000003, 3.5821, 3.5822..." "(3811.5357714484903, 3812.4135110429943, 3813.2914527677754, 3814.1695966693887, 3815.047942794385, 3815.9264911893406, 3816.8052419008277, 3817.6841949754..." "(0.0, 0.0, 0.0, 0.0, -0.0, -0.021091728289356387, 0.020496166233898123, -0.002683071264162412, 0.23591655261202285, 0.013039830359865067, -0.37267678258670..."
  16     spDR2-016.fit         3.16E-4      3829   "(3.5808, 3.5809, 3.581, 3.5811, 3.5812, 3.5813, 3.5814, 3.5815, 3.5816, 3.5817, 3.5818, 3.5819, 3.582, 3.5821, 3.5822, 3.5823, 3.5824, 3.5825, 3.5826, 3.58..." "(3808.9037649813513, 3809.7808984641915, 3810.65823393773, 3811.5357714484903, 3812.4135110429906, 3813.2914527677754, 3814.169596669385, 3815.047942794385..." "(0.0, 0.0, 0.0, 0.0, 0.0, 0.0, 0.0, 0.0, 0.04513525634928741, 0.17255257823445086, 0.3696473794667659, 0.6233733589864648, 0.9195203562237636, 1.2437852857..."
  17     spDR2-017.fit         0.0          3830   "(3.5806, 3.5807, 3.5808, 3.5809, 3.581, 3.5811, 3.5812, 3.5813, 3.5814, 3.5815, 3.5816, 3.5817, 3.5818, 3.5819, 3.582, 3.5821, 3.5822, 3.5823, 3.5824, 3.58..." "(3807.150103801774, 3808.026833442713, 3808.9037649813513, 3809.7808984641915, 3810.65823393773, 3811.5357714484903, 3812.4135110429906, 3813.2914527677754..." "(0.0, 0.0, 0.0, 0.0, 0.0, 0.0, 0.0, 0.0, 0.0, 0.0, -0.001751898730487818, 0.008285790571882043, 0.06410216577638662, 0.07723993207790815, -0.00695643884769..."
  18     spDR2-018.fit         8.5E-5       3829   "(3.5814, 3.5815, 3.5816, 3.5817, 3.5818, 3.5819, 3.582, 3.5821, 3.5822, 3.5823, 3.5824, 3.5825, 3.5826, 3.5827, 3.5827999999999998, 3.5829, 3.5829999999999..." "(3814.169596669385, 3815.047942794385, 3815.926491189337, 3816.8052419008277, 3817.684194975441, 3818.563350459785, 3819.442708400464, 3820.322268844109, 3..." "(0.0, 0.0, 9.808694742302448E-4, 0.003989411573385753, 0.00910509774388191, 0.016378870394619237, 0.02583433994697311, 0.03746139450260152, 0.0512096543352..."
  19     spDR2-019.fit         6.0E-5       3825   "(3.5817, 3.5818000000000003, 3.5819, 3.5820000000000003, 3.5821, 3.5822000000000003, 3.5823, 3.5824000000000003, 3.5825, 3.5826000000000002, 3.5827, 3.5828..." "(3816.8052419008277, 3817.684194975445, 3818.563350459785, 3819.4427084004683, 3820.322268844109, 3821.202031837349, 3822.0819974268243, 3822.9621656591976..." "(0.0, 0.0, 8.527573029635208E-4, -0.003152946966997184, 0.006009156638603376, -0.0024438885687062405, 0.06718374055845441, 0.04487849459876182, 0.078989408..."
  20     spDR2-020.fit         -5.0E-5      3825   "(3.5812, 3.5813, 3.5814, 3.5815, 3.5816, 3.5817, 3.5818, 3.5819, 3.582, 3.5821, 3.5822, 3.5823, 3.5824, 3.5825, 3.5826, 3.5827, 3.5827999999999998, 3.5829,..." "(3812.4135110429906, 3813.2914527677754, 3814.169596669385, 3815.047942794385, 3815.926491189337, 3816.8052419008277, 3817.684194975441, 3818.563350459785,..." "(0.0, 0.0, 0.0, 0.0, 0.007926559332565359, 0.030773356311209112, 0.06706106166819503, 0.11522159764126869, 0.1736590723623906, 0.24074893464970004, 0.31490..."
  21     spDR2-021.fit         -6.3377E-5   3815   "(3.5826, 3.5827, 3.5827999999999998, 3.5829, 3.5829999999999997, 3.5831, 3.5831999999999997, 3.5833, 3.5833999999999997, 3.5835, 3.5835999999999997, 3.5837..." "(3824.7231102392916, 3825.6038866803838, 3826.484865951093, 3827.366048098136, 3828.2474331682242, 3829.1290212080958, 3830.0108122644833, 3830.89280638414..." "(0.0, -0.0, -0.022744017370847466, -0.2616143864920198, 0.05652075142645993, 0.22266618794190354, -0.09983084105488177, -0.20248302534137155, -0.4510379040..."
  22     spDR2-022.fit         2.6685E-4    3830   "(3.581, 3.5811, 3.5812, 3.5813, 3.5814, 3.5815, 3.5816, 3.5817, 3.5818, 3.5819, 3.582, 3.5821, 3.5822, 3.5823, 3.5824, 3.5825, 3.5826, 3.5827, 3.5827999999..." "(3810.65823393773, 3811.5357714484903, 3812.4135110429906, 3813.2914527677754, 3814.169596669385, 3815.047942794385, 3815.926491189337, 3816.8052419008277,..." "(0.0, 0.0, 0.0, 0.0, 0.0, 0.0, -0.006611262421135404, -0.052500754511149654, -0.08530106281670392, 0.07331774241921356, 0.009794018461853009, 0.05026370818..."
  23     spDR2-023.fit         -3.4E-5      4197   "(3.544068, 3.5441680000000004, 3.544268, 3.5443680000000004, 3.544468, 3.5445680000000004, 3.544668, 3.5447680000000004, 3.544868, 3.5449680000000003, 3.54..." "(3499.9996425790277, 3500.8056400696073, 3501.611823169332, 3502.4181919209527, 3503.2247463672143, 3504.0314865508867, 3504.838412514736, 3505.645524301551, " "(0.0, 0.0, 0.0, 0.0, 0.0, 0.0, 0.0, 0.0, 0.003912439637139462, 0.012778086786341628, 0.028382046735866046, 0.03523355118830571, 0.030511318395042425, 0.007..."
  24     spDR2-024.fit         -3.4E-5      4197   "(3.544068, 3.5441680000000004, 3.544268, 3.5443680000000004, 3.544468, 3.5445680000000004, 3.544668, 3.5447680000000004, 3.544868, 3.5449680000000003, 3.54..." "(3499.9996425790277, 3500.8056400696073, 3501.611823169332, 3502.4181919209527, 3503.2247463672143, 3504.0314865508867, 3504.838412514736, 3505.645524301551, " "(0.0, 0.0, 0.0, 0.0, 0.0, 0.0, 0.0, 0.0, 0.002072443925163234, 0.0059128712604424654, 0.01688169420909944, 0.021064616639055088, 0.012485210227255208, -0.0..."
  25     spDR2-025.fit         -3.4E-5      4197   "(3.544068, 3.5441680000000004, 3.544268, 3.5443680000000004, 3.544468, 3.5445680000000004, 3.544668, 3.5447680000000004, 3.544868, 3.5449680000000003, 3.54..." "(3499.9996425790277, 3500.8056400696073, 3501.611823169332, 3502.4181919209527, 3503.2247463672143, 3504.0314865508867, 3504.838412514736, 3505.645524301551, " "(0.0, 0.0, 0.0, 0.0, 0.0, 0.0, 0.0, 0.0, 5.22011823330408E-4, 2.302900588956113E-4, 0.00750489020802208, 0.010328962365313166, 3.461115092611598E-5, -0.061..."
  26     spDR2-026.fit         -3.4E-5      4197   "(3.544068, 3.5441680000000004, 3.544268, 3.5443680000000004, 3.544468, 3.5445680000000004, 3.544668, 3.5447680000000004, 3.544868, 3.5449680000000003, 3.54..." "(3499.9996425790277, 3500.8056400696073, 3501.611823169332, 3502.4181919209527, 3503.2247463672143, 3504.0314865508867, 3504.838412514736, 3505.645524301551, " "(0.0, 0.0, 0.0, 0.0, 0.0, 0.0, 0.0, 0.0, -0.0011278618856932288, -0.005815329635659269, -0.0024290711223761753, -9.405155015691661E-4, -0.012947155033453324, "
  27     spDR2-027.fit         -3.4E-5      4197   "(3.544068, 3.5441680000000004, 3.544268, 3.5443680000000004, 3.544468, 3.5445680000000004, 3.544668, 3.5447680000000004, 3.544868, 3.5449680000000003, 3.54..." "(3499.9996425790277, 3500.8056400696073, 3501.611823169332, 3502.4181919209527, 3503.2247463672143, 3504.0314865508867, 3504.838412514736, 3505.645524301551, " "(0.0, 0.0, 0.0, 0.0, 0.0, 0.0, 0.0, -0.0, -0.0026112239539840326, -0.011118598635785983, -0.01091647632258774, -0.009469700371025113, -0.021017636372537226..."
  28     spDR2-028.fit         -7.15E-5     3555   "(3.47712125472, 3.477221254716554, 3.4773212547131087, 3.477421254709663, 3.4775212547062173, 3.4776212547027714, 3.477721254699326, 3.47782125469588, 3.47..." "(3000.0000000023324, 3000.6908550409985, 3001.3818691732286, 3002.0730424356543, 3002.7643748649266, 3003.455866497693, 3004.147517370622, 3004.83932752037..." "(0.0, 0.0, 0.0, 0.0, 0.0, 0.0, 0.0, 0.0, -0.0, -0.0029947855379139107, -0.008370494183507202, -0.011353430880197737, -0.010390987280864142, -0.024582640078..."
  29     spDR2-029.fit         0.0          5800   "(3.16009802915636, 3.160198029152914, 3.1602980291494687, 3.160398029146023, 3.1604980291425777, 3.160598029139132, 3.1606980291356863, 3.160798029132241, ..." "(1445.7660729214383, 1446.0990111801746, 1446.4320261096036, 1446.76511772738, 1447.0982860511638, 1447.4315310986178, 1447.7648528874133, 1448.09825143522..." "(0.0, 0.0, 0.0, 0.0, 0.0, 0.0, 0.0, 0.0, 0.0, 0.0, 0.0, 0.0, 0.0, 0.0, 0.0, 0.0, 0.0, 0.0, 0.0, 0.0, 0.0, 0.0, 0.0, 0.0, 0.0, 0.0, 0.0, 0.0, -0.0, -3.51631..."
  30     spDR2-030.fit         0.0          5440   "(3.0000313, 3.0001313, 3.0002313, 3.0003313, 3.0004313, 3.0005313, 3.0006313, 3.0007313, 3.0008312999999998, 3.0009313, 3.0010312999999997, 3.0011313, 3.00..." "(1000.072073510581, 1000.3023751288562, 1000.5327297821432, 1000.7631374826574, 1000.9935982426127, 1001.22411207423, 1001.4546789897287, 1001.6852990013354, " "(0.0, 0.0, 0.0, 0.0, 0.0, 0.0, 0.0, 0.0, 0.0, 0.0, 0.0, 0.0, 0.0, 0.0, 0.0, 0.0, 0.0, 0.0, 0.0, 0.0, 0.0, 0.0, 0.0, 0.0, 0.0, 0.0, 0.0, 0.0, 0.0, 0.0, 0.0,..."
  31     spDR2-031.fit         0.0          4989   "(3.0512313, 3.0513313, 3.0514313, 3.0515313, 3.0516313, 3.0517313, 3.0518313, 3.0519313, 3.0520313, 3.0521313, 3.0522313, 3.0523313, 3.0524313, 3.0525313, ..." "(1125.2040845297054, 1125.463202175744, 1125.722379492694, 1125.9816164942988, 1126.240913194301, 1126.50026960645, 1126.7596857444948, 1127.0191616221916,..." "(0.0, 0.0, 0.0, 0.0, 0.0, 0.0, 0.0, 0.0, 0.0, 0.0, 0.0, 0.0, 0.0, 0.0, 0.0, 0.0, 0.0, 0.0, 0.0, 0.0, 0.0, 0.0, 0.0, 0.0, 0.0, 0.0, 0.0, 0.0, 0.0, 0.0, 0.0,..."
  32     spDR2-032.fit         0.0          5800   "(3.1600311999999997, 3.1601312, 3.1602311999999997, 3.1603312, 3.1604311999999997, 3.1605312, 3.1606311999999996, 3.1607312, 3.1608312, 3.1609312, 3.1610312, " "(1445.5436158157818, 1445.8765028574537, 1446.2094665580235, 1446.5425069351475, 1446.8756240064802, 1447.208817789686, 1447.5420883024276, 1447.8754355623..." "(0.0, 0.0, 0.0, 0.0, 0.0, 0.0, 0.0, 0.0, 0.0, 0.0, 0.0, 0.0, 0.0, 0.0, 0.0, 0.0, 0.0, 0.0, 0.0, 0.0, 0.0, 0.0, 0.0, 0.0, 0.0, 0.0, 0.0, 0.0, 0.0, -0.0, -0...."
  40     spEigenGal-55740.fits 0.0          5800   "(3.3800999092102053, 3.380199909210205, 3.3802999092102053, 3.380399909210205, 3.3804999092102053, 3.380599909210205, 3.3806999092102052, 3.380799909210205..." "(2399.3848327138044, 2399.937375099971, 2400.4900447283753, 2401.042841628314, 2401.5957658291004, 2402.1488173600455, 2402.701996250477, 2403.255302529718..." "(0.0, 0.0, 0.0, 0.0, 0.0, 0.0, 0.0, 0.0, 0.0, 0.0, 0.0, 0.0, 0.0, 0.0, 0.0, 0.0, 0.0, 0.0, 0.0, 0.0, 0.0, 0.0, 0.0, 0.0, 0.0, 0.0, 0.0, 0.0, 0.0, 0.0, 0.0,..."
  41     spEigenGal-55740.fits 0.0          5800   "(3.3800999092102053, 3.380199909210205, 3.3802999092102053, 3.380399909210205, 3.3804999092102053, 3.380599909210205, 3.3806999092102052, 3.380799909210205..." "(2399.3848327138044, 2399.937375099971, 2400.4900447283753, 2401.042841628314, 2401.5957658291004, 2402.1488173600455, 2402.701996250477, 2403.255302529718..." "(0.0, 0.0, 0.0, 0.0, 0.0, 0.0, 0.0, 0.0, 0.0, 0.0, 0.0, 0.0, 0.0, 0.0, 0.0, 0.0, 0.0, 0.0, 0.0, 0.0, 0.0, 0.0, 0.0, 0.0, 0.0, 0.0, 0.0, 0.0, 0.0, 0.0, 0.0,..."
  42     spEigenGal-55740.fits 0.0          5800   "(3.3800999092102053, 3.380199909210205, 3.3802999092102053, 3.380399909210205, 3.3804999092102053, 3.380599909210205, 3.3806999092102052, 3.380799909210205..." "(2399.3848327138044, 2399.937375099971, 2400.4900447283753, 2401.042841628314, 2401.5957658291004, 2402.1488173600455, 2402.701996250477, 2403.255302529718..." "(0.0, 0.0, 0.0, 0.0, 0.0, 0.0, 0.0, 0.0, 0.0, 0.0, 0.0, 0.0, 0.0, 0.0, 0.0, 0.0, 0.0, 0.0, 0.0, 0.0, 0.0, 0.0, 0.0, 0.0, 0.0, 0.0, 0.0, 0.0, 0.0, 0.0, 0.0,..."
  43     spEigenGal-55740.fits 0.0          5800   "(3.3800999092102053, 3.380199909210205, 3.3802999092102053, 3.380399909210205, 3.3804999092102053, 3.380599909210205, 3.3806999092102052, 3.380799909210205..." "(2399.3848327138044, 2399.937375099971, 2400.4900447283753, 2401.042841628314, 2401.5957658291004, 2402.1488173600455, 2402.701996250477, 2403.255302529718..." "(0.0, 0.0, 0.0, 0.0, 0.0, 0.0, 0.0, 0.0, 0.0, 0.0, 0.0, 0.0, 0.0, 0.0, 0.0, 0.0, 0.0, 0.0, 0.0, 0.0, 0.0, 0.0, 0.0, 0.0, 0.0, 0.0, 0.0, 0.0, 0.0, 0.0, 0.0,..."
  44     spEigenGal-55740.fits 0.0          5800   "(3.3800999092102053, 3.380199909210205, 3.3802999092102053, 3.380399909210205, 3.3804999092102053, 3.380599909210205, 3.3806999092102052, 3.380799909210205..." "(2399.3848327138044, 2399.937375099971, 2400.4900447283753, 2401.042841628314, 2401.5957658291004, 2402.1488173600455, 2402.701996250477, 2403.255302529718..." "(0.0, 0.0, 0.0, 0.0, 0.0, 0.0, 0.0, 0.0, 0.0, 0.0, 0.0, 0.0, 0.0, 0.0, 0.0, 0.0, 0.0, 0.0, 0.0, 0.0, 0.0, 0.0, 0.0, 0.0, 0.0, 0.0, 0.0, 0.0, 0.0, 0.0, 0.0,..."
  45     spEigenGal-55740.fits 0.0          5800   "(3.3800999092102053, 3.380199909210205, 3.3802999092102053, 3.380399909210205, 3.3804999092102053, 3.380599909210205, 3.3806999092102052, 3.380799909210205..." "(2399.3848327138044, 2399.937375099971, 2400.4900447283753, 2401.042841628314, 2401.5957658291004, 2402.1488173600455, 2402.701996250477, 2403.255302529718..." "(0.0, 0.0, 0.0, 0.0, 0.0, 0.0, 0.0, 0.0, 0.0, 0.0, 0.0, 0.0, 0.0, 0.0, 0.0, 0.0, 0.0, 0.0, 0.0, 0.0, 0.0, 0.0, 0.0, 0.0, 0.0, 0.0, 0.0, 0.0, 0.0, 0.0, 0.0,..."
  46     spEigenGal-55740.fits 0.0          5800   "(3.3800999092102053, 3.380199909210205, 3.3802999092102053, 3.380399909210205, 3.3804999092102053, 3.380599909210205, 3.3806999092102052, 3.380799909210205..." "(2399.3848327138044, 2399.937375099971, 2400.4900447283753, 2401.042841628314, 2401.5957658291004, 2402.1488173600455, 2402.701996250477, 2403.255302529718..." "(0.0, 0.0, 0.0, 0.0, 0.0, 0.0, 0.0, 0.0, 0.0, 0.0, 0.0, 0.0, 0.0, 0.0, 0.0, 0.0, 0.0, 0.0, 0.0, 0.0, 0.0, 0.0, 0.0, 0.0, 0.0, 0.0, 0.0, 0.0, 0.0, 0.0, 0.0,..."
  47     spEigenGal-55740.fits 0.0          5800   "(3.3800999092102053, 3.380199909210205, 3.3802999092102053, 3.380399909210205, 3.3804999092102053, 3.380599909210205, 3.3806999092102052, 3.380799909210205..." "(2399.3848327138044, 2399.937375099971, 2400.4900447283753, 2401.042841628314, 2401.5957658291004, 2402.1488173600455, 2402.701996250477, 2403.255302529718..." "(0.0, 0.0, 0.0, 0.0, 0.0, 0.0, 0.0, 0.0, 0.0, 0.0, 0.0, 0.0, 0.0, 0.0, 0.0, 0.0, 0.0, 0.0, 0.0, 0.0, 0.0, 0.0, 0.0, 0.0, 0.0, 0.0, 0.0, 0.0, 0.0, 0.0, 0.0,..."
  48     spEigenGal-55740.fits 0.0          5800   "(3.3800999092102053, 3.380199909210205, 3.3802999092102053, 3.380399909210205, 3.3804999092102053, 3.380599909210205, 3.3806999092102052, 3.380799909210205..." "(2399.3848327138044, 2399.937375099971, 2400.4900447283753, 2401.042841628314, 2401.5957658291004, 2402.1488173600455, 2402.701996250477, 2403.255302529718..." "(0.0, 0.0, 0.0, 0.0, 0.0, 0.0, 0.0, 0.0, 0.0, 0.0, 0.0, 0.0, 0.0, 0.0, 0.0, 0.0, 0.0, 0.0, 0.0, 0.0, 0.0, 0.0, 0.0, 0.0, 0.0, 0.0, 0.0, 0.0, 0.0, 0.0, 0.0,..."
  49     spEigenGal-55740.fits 0.0          5800   "(3.3800999092102053, 3.380199909210205, 3.3802999092102053, 3.380399909210205, 3.3804999092102053, 3.380599909210205, 3.3806999092102052, 3.380799909210205..." "(2399.3848327138044, 2399.937375099971, 2400.4900447283753, 2401.042841628314, 2401.5957658291004, 2402.1488173600455, 2402.701996250477, 2403.255302529718..." "(0.0, 0.0, 0.0, 0.0, 0.0, 0.0, 0.0, 0.0, 0.0, 0.0, 0.0, 0.0, 0.0, 0.0, 0.0, 0.0, 0.0, 0.0, 0.0, 0.0, 0.0, 0.0, 0.0, 0.0, 0.0, 0.0, 0.0, 0.0, 0.0, 0.0, 0.0,..."
  50     psb_template0.fits    0.0          3856   "(3.575700044631958, 3.575800044631958, 3.575900044631958, 3.576000044631958, 3.576100044631958, 3.576200044631958, 3.576300044631958, 3.576400044631958, 3...." "(3764.4370976034243, 3765.303991078841, 3766.171084186836, 3767.03837697339, 3767.9058694844766, 3768.7735617660983, 3769.6414538642516, 3770.5095458249584..." "(0.0, 0.0, 0.0, 0.0, 0.0, 0.0, 0.0, 0.0, 0.0, 0.0, 0.0, 0.0, 0.0, 0.0, 0.0, 0.0, 0.0, 0.0, 0.0, 0.0, 0.0, 0.0, 0.0, 0.0, 0.0, 0.0, 0.0, 0.0, 0.0, 0.0, 0.0,..."
  51     psb_template1.fits    0.0          4056   "(3.5524001121520996, 3.5525001121521, 3.5526001121520996, 3.5527001121521, 3.5528001121520996, 3.5529001121520998, 3.5530001121520995, 3.5531001121520998, ..." "(3567.7968042324683, 3568.6184143938312, 3569.4402137597035, 3570.2622023736635, 3571.084380279285, 3571.9067475201664, 3572.729304139901, 3573.55205018210..." "(0.0, 0.0, 0.0, 0.0, 0.0, 0.0, 0.0, 0.0, 0.0, 0.0, 0.0, 0.0, 0.0, 0.0, 0.0, 0.0, 0.0, 0.0, 0.0, 0.0, 0.0, 0.0, 0.0, 0.0, 0.0, 0.0, 0.0, 0.0, 0.0, 0.0, 0.0,..."
  52     psb_template2.fits    0.0          4027   "(3.55049991607666, 3.5505999160766604, 3.55069991607666, 3.5507999160766603, 3.55089991607666, 3.5509999160766603, 3.55109991607666, 3.5511999160766603, 3...." "(3552.2204983897977, 3553.038521561245, 3553.856733111172, 3554.6751330829666, 3555.493721520012, 3556.312498465716, 3557.1314639634825, 3557.9506180567396..." "(0.0, 0.0, 0.0, 0.0, 0.0, 0.0, 0.0, 0.0, 0.0, 0.0, 0.0, 0.0, 0.0, 0.0, 0.0, 0.0, 0.0, 0.0, 0.0, 0.0, 0.0, 0.0, 0.0, 0.0, 0.0, 0.0, 0.0, 0.0, 0.0, 0.0, 0.0,..."
  53     psb_template3.fits    0.0          4052   "(3.550600051879883, 3.550700051879883, 3.550800051879883, 3.550900051879883, 3.5510000518798828, 3.551100051879883, 3.5512000518798827, 3.551300051879883, ..." "(3553.0396325911483, 3553.8578443969323, 3554.6762446246357, 3555.494833317656, 3556.313610519387, 3557.1325762732463, 3557.951730622648, 3558.77107361103,..." "(0.0, 0.0, 0.0, 0.0, 0.0, 0.0, 0.0, 0.0, 0.0, 0.0, 0.0, 0.0, 0.0, 0.0, 0.0, 0.0, 0.0, 0.0, 0.0, 0.0, 0.0, 0.0, 0.0, 0.0, 0.0, 0.0, 0.0, 0.0, 0.0, 0.0, 0.0,..."
  54     psb_template4.fits    0.0          3950   "(3.5383999347686768, 3.538499934768677, 3.5385999347686767, 3.538699934768677, 3.5387999347686767, 3.538899934768677, 3.5389999347686767, 3.539099934768677..." "(3454.6172301723313, 3455.4127767731247, 3456.2085065763804, 3457.004419624294, 3457.800515959056, 3458.5967956228833, 3459.393258657986, 3460.189905106599..." "(0.0, 0.0, 0.0, 0.0, 0.0, 0.0, 0.0, 0.0, 0.0, 0.0, 0.0, 0.0, 0.0, 0.0, 0.0, 0.0, 0.0, 0.0, 0.0, 0.0, 0.0, 0.0, 0.0, 0.0, 0.0, 0.0, 0.0, 0.0, 0.0, 0.0, 0.0,..."
  55     psb_template5.fits    0.0          3952   "(3.5383999347686768, 3.538499934768677, 3.5385999347686767, 3.538699934768677, 3.5387999347686767, 3.538899934768677, 3.5389999347686767, 3.539099934768677..." "(3454.6172301723313, 3455.4127767731247, 3456.2085065763804, 3457.004419624294, 3457.800515959056, 3458.5967956228833, 3459.393258657986, 3460.189905106599..." "(0.0, 0.0, 0.0, 0.0, 0.0, 0.0, 0.0, 0.0, 0.0, 0.0, 0.0, 0.0, 0.0, 0.0, 0.0, 0.0, 0.0, 0.0, 0.0, 0.0, 0.0, 0.0, 0.0, 0.0, 0.0, 0.0, 0.0, 0.0, 0.0, 0.0, 0.0,..."
  56     psb_template6.fits    0.0          3944   "(3.5388998985290527, 3.538999898529053, 3.5390998985290527, 3.539199898529053, 3.5392998985290527, 3.539399898529053, 3.5394998985290527, 3.539599898529053..." "(3458.5965070209136, 3459.3929699895593, 3460.1896163716924, 3460.986446209558, 3461.7834595453955, 3462.5806564214695, 3463.378036880039, 3464.17560096338..." "(0.0, 0.0, 0.0, 0.0, 0.0, 0.0, 0.0, 0.0, 0.0, 0.0, 0.0, 0.0, 0.0, 0.0, 0.0, 0.0, 0.0, 0.0, 0.0, 0.0, 0.0, 0.0, 0.0, 0.0, 0.0, 0.0, 0.0, 0.0, 0.0, 0.0, 0.0,..."
  57     psb_template7.fits    0.0          4023   "(3.519200086593628, 3.519300086593628, 3.519400086593628, 3.519500086593628, 3.519600086593628, 3.519700086593628, 3.519800086593628, 3.519900086593628, 3...." "(3305.2178277244625, 3305.9789698807517, 3306.740287316675, 3307.5017800726037, 3308.263448188904, 3309.0252917059656, 3309.7873106641737, 3310.549505103937, " "(0.0, 0.0, 0.0, 0.0, 0.0, 0.0, 0.0, 0.0, 0.0, 0.0, 0.0, 0.0, 0.0, 0.0, 0.0, 0.0, 0.0, 0.0, 0.0, 0.0, 0.0, 0.0, 0.0, 0.0, 0.0, 0.0, 0.0, 0.0, 0.0, 0.0, 0.0,..."
  58     psb_template8.fits    0.0          4023   "(3.519200086593628, 3.519300086593628, 3.519400086593628, 3.519500086593628, 3.519600086593628, 3.519700086593628, 3.519800086593628, 3.519900086593628, 3...." "(3305.2178277244625, 3305.9789698807517, 3306.740287316675, 3307.5017800726037, 3308.263448188904, 3309.0252917059656, 3309.7873106641737, 3310.549505103937, " "(0.0, 0.0, 0.0, 0.0, 0.0, 0.0, 0.0, 0.0, 0.0, 0.0, 0.0, 0.0, 0.0, 0.0, 0.0, 0.0, 0.0, 0.0, 0.0, 0.0, 0.0, 0.0, 0.0, 0.0, 0.0, 0.0, 0.0, 0.0, 0.0, 0.0, 0.0,..."
  59     psb_template9.fits    0.0          4357   "(3.4665000438690186, 3.4666000438690188, 3.4667000438690185, 3.4668000438690187, 3.4669000438690185, 3.4670000438690187, 3.4671000438690185, 3.467200043869..." "(2927.521167084629, 2928.1953313575573, 2928.8696508804164, 2929.5441256889635, 2930.2187558189535, 2930.8935413061595, 2931.568482186353, 2932.24357849532..." "(0.0, 0.0, 0.0, 0.0, 0.0, 0.0, 0.0, 0.0, 0.0, 0.0, 0.0, 0.0, 0.0, 0.0, 0.0, 0.0, 0.0, 0.0, 0.0, 0.0, 0.0, 0.0, 0.0, 0.0, 0.0, 0.0, 0.0, 0.0, 0.0, 0.0, 0.0,..."
